lh_fmri loaded...
lh_fmri.shape:  (100, 19004)
lh_fmri[0].shape:  (19004,) 

rh_fmri loaded...
rh_fmri.shape:  (100, 20544)
rh_fmri[0].shape:  (20544,) 


X_data.shape:  (100, 425, 425, 3)
y_data.shape:  (100, 39548)
1/1 [==============================] - ETA: 0s - loss: 2.3342 - MSE: 2.3342 - MAE: 1.1874 - MAPE: 3069.94241/1 [==============================] - 1s 686ms/step - loss: 2.3342 - MSE: 2.3342 - MAE: 1.1874 - MAPE: 3069.9424
[2.334176540374756, 2.334176540374756, 1.187366008758545, 3069.9423828125]
